F3 F9 21 01 10 00 00 00 00 00 00 E6 7E 
7E 19 00 

C   0   |0    0   |1    F   |F    8   |C    0   |3    7   |7    1    56 B0 82 15 00 00 00 00 00 
11000000 000|00000 000111|11 11111000 1|1000000 001|10111 01110001

00011000000

00011000000

0001110000

00011100000

11111100011


701
011100000001

3DE
011 1101 1110

3E0
0011 1110 0000

01111100000

input rx: valid frames: 1793[701], 990[3DE], 989, 993, 172, 172, 172, 172, 0, 0
input rx: valid frames: 1793[701], 990[3DE], 989, 993, 172, 172, 172, 172, 0, 0
input rx: valid frames: 1793[701], 990[3DE], 989, 993, 172, 172, 172, 172, 0, 0
input rx: valid frames: 1793[701], 990[3DE], 989, 993, 172, 172, 172, 172, 0, 0
input rx: valid frames: 1793[701], 990[3DE], 989, 993, 172, 172, 172, 172, 0, 0
input rx: valid frames: 1793[701], 990[3DE], 989[3DD], 993[3E1], 172[AC], 172, 172

0000 0001 1110 1111 0011 11 
01 EF 3


01 EF 7


7E 19 00 
01       F7       1E       F8         C4          C7        0A 56 B0 82 15 00 00 00 00 00 00 00 00 00 00 00 04 5F 3E 7E 
00000001 111|10111 000111|10 11111000 1| 1000010 1100|0111


11100000001

0000 1111 0111

0000 0000 0000

0111 1110 0010
7    E    2

0110 0100 0010
6    4    2

7E 19 00 01 F7 1E F8 C2 C7 0A 56 B0 82 15 00 00 00 00 00 00 00 00 00 00 00 00 5B 48 7E 

00 00 00 00 00 00 04 62 9F 7E 7E 08 01 10 00 00 
00 00 00 00 E6 7E 7E 19 00 C0 00 1F F8 C0 37 71 
56 B0 82 15 00 00 00 00 00 00 00 00 00 00 00 04 
62 9F 7E 7E 08 01 10 00 00 00 00 00 00 E6 7E 7E 
19 00 C0 00 1F F8 C0 37 71 56 B0 82 15 00 00 00 
00 00 00 00 00 00 00 00 04 62 9F 7E 7E 08 01 10 
00 00 00 00 00 00 E6 7E 7E 19 00 C0 00 1F F8 C0 
37 71 56 B0 82 15 00 00 00 00 00 00 00 00 00 00 
00 04 62 9F 7E 7E 08 01 10 00 00 00 00 00 00 E6 
7E 7E 19 00 C0 00 1F F8 C0 37 71 56 B0 82 15 00 
00 00 00 00 00 00 00 00 00 00 04 63 9E 7E 7E 08 
01 10 00 00 00 00 00 00 E6 7E 7E 19 00 C0 00 1F 
F8 C0 37 71 56 B0 82 15 00 00 00 00 00 00 00 00 
00 00 00 00 63 A2 7E 7E 08 01 10 00 00 00 00 00 
00 E6 7E 7E 19 00 C0 00 1F F8 C0 37 71 56 B0 82 
15 00 00 00 00 00 00 00 00 00 00 00 00 63 A2 7E 
7E 08 01 10 00 00 00 00 00 00 E6 7E 7E 19 00 C0 
00 1F F8 C0 37 71 56 B0 82 15 00 00 00 00 00 00 
00 00 00 00 00 04 63 9E 7E 7E 08 01 10 00 00 00 
00 00 00 E6 7E 7E 19 00 C0 00 1F F8 C0 37 71 56 
B0 82 15 00 00 00 00 00 00 00 00 00 00 00 04 63 
9E 7E 7E 08 01 10 00 00 00 00 00 00 E6 7E 7E 19 
00 C0 00 1F F8 C0 37 71 56 B0 82 15 00 00 00 00 
00 00 00 00 00 00 00 04 63 9E 7E 7E 08 01 10 00 
00 00 00 00 00 E6 7E 7E 19 00 C0 00 1F F8 BA 37 
71 56 B0 82 15 00 00 00 00 00 00 00 00 00 00 00 
04 63 A4 7E 7E 08 01 10 00 00 00 00 00 00 E6 7E 
7E 19 00 C0 00 1F F8 C0 37 71 56 B0 82 15 00 00 
00 00 00 00 00 00 00 00 00 00 64 A1 7E 7E 08 01 
10 00 00 00 00 00 00 E6 7E 7E 19 00 C0 00 1F F8 
C0 37 71 56 B0 82 15 00 00 00 00 00 00 00 00 00 
00 00 00 64 A1 7E 7E 08 01 10 00 00 00 00 00 00 
E6 7E 7E 19 00 C0 00 1F F8 C0 37 71 56 B0 82 15 
00 00 00 00 00 00 00 00 00 00 00 04 64 9D 7E 7E 
08 01 10 00 00 00 00 00 00 E6 7E 7E 19 00 C0 00 
1F F8 C0 37 71 56 B0 82 15 00 00 00 00 00 00 00 
00 00 00 00 04 64 9D 7E 7E 08 01 10 00 00 00 00 
00 00 E6 7E 7E 19 00 C0 00 1F F8 C0 37 71 56 B0 
82 15 00 00 00 00 00 00 00 00 00 00 00 04 64 9D 
7E 7E 08 01 10 00 00 00 00 00 00 E6 7E 7E 19 00 
C0 00 1F F8 C0 37 71 56 B0 82 15 00 00 00 00 00 
00 00 00 00 00 00 04 64 9D 7E 7E 08 01 10 00 00 
00 00 00 00 E6 7E 7E 19 00 C0 00 1F F8 C0 37 71 
56 B0 82 15 00 00 00 00 00 00 00 00 00 00 00 00 
64 A1 7E 7E 08 01 10 00 00 00 00 00 00 E6 7E 7E 
19 00 C0 00 1F F8 C0 37 71 56 B0 82 15 00 00 00 
00 00 00 00 00 00 00 00 04 64 9D 7E 7E 08 01 10 
00 00 00 00 00 00 E6 7E 7E 19 00 C0 00 1F F8 C0 
37 71 56 B0 82 15 00 00 00 00 00 00 00 00 00 00 
00 04 64 9D 7E 7E 08 01 10 00 00 00 00 00 00 E6 
7E 7E 19 00 C0 00 1F F8 C0 37 71 56 B0 82 15 00 
00 00 00 00 00 00 00 00 00 00 04 64 9D 7E 7E 08 
01 10 00 00 00 00 00 00 E6 7E 7E 19 00 C0 00 1F 
F8 C0 37 71 56 B0 82 15 00 00 00 00 00 00 00 00 
00 00 00 04 64 9D 7E 7E 08 01 10 00 00 00 00 00 
00 E6 7E 7E 19 00 C0 E8 1E F8 C0 37 71 56 B0 82 
15 00 00 00 00 00 00 00 00 00 00 00 04 64 B5 7E 
7E 08 01 30 38 01 BA FF 44 00 8E 7E 7E 19 00 C0 
E8 5E F8 C0 37 71 56 B0 82 15 00 00 00 00 00 00 
00 00 00 00 00 00 64 79 7E 7E 08 01 10 00 00 00 
00 00 00 E6 7E 7E 19 00 C0 E8 5E F8 C0 37 71 56 
B0 82 15 00 00 00 00 00 00 00 00 00 00 00 00 64 
79 7E 7E 08 01 10 00 00 00 00 00 00 E6 7E 7E 19 
00 C0 E8 5E F8 C0 37 71 56 B0 82 15 00 00 00 00 
00 00 00 00 00 00 00 04 64 75 7E 7E 08 01 10 00 
00 00 00 00 00 E6 7E 7E 19 00 C0 E8 5E F8 C0 37 
71 56 B0 82 15 00 00 00 00 00 00 00 00 00 00 00 
04 64 75 7E 7E 08 01 10 00 00 00 00 00 00 E6 7E 
7E 19 00 C0 E8 5E F8 C0 37 71 56 B0 82 15 00 00 
00 00 00 00 00 00 00 00 00 04 64 75 7E 7E 08 01 
10 00 00 00 00 00 00 E6 7E 7E 19 00 C0 00 1F F8 
C0 37 71 56 B0 82 15 00 00 00 00 00 00 00 00 00 
00 00 04 64 9D 7E 7E 08 01 10 00 00 00 00 00 00 
E6 7E 7E 19 00 C0 00 1F F8 C0 37 71 56 B0 82 15 
00 00 00 00 00 00 00 00 00 00 00 00 64 A1 7E 7E 
08 01 10 00 00 00 00 00 00 E6 7E 7E 19 00 C0 00 
1F F8 C0 37 71 56 B0 82 15 00 00 00 00 00 00 00 
00 00 00 00 00 64 A1 7E 7E 08 01 10 00 00 00 00 
00 00 E6 7E 7E 19 00 C0 00 1F F8 C0 37 71 56 B0 
82 15 00 00 00 00 00 00 00 00 00 00 00 04 64 9D 
7E 7E 08 01 10 00 00 00 00 00 00 E6 7E 7E 19 00 
C0 00 1F F8 C0 37 71 56 B0 82 15 00 00 00 00 00 
00 00 00 00 00 00 04 64 9D 7E 7E 08 01 10 00 00 
00 00 00 00 E6 7E 7E 19 00 C0 00 1F F8 C0 37 71 
56 B0 82 15 00 00 00 00 00 00 00 00 00 00 00 04 
64 9D 7E 7E 08 01 10 00 00 00 00 00 00 E6 7E 7E 
19 00 C0 00 1F F8 C0 37 71 56 B0 82 15 00 00 00 
00 00 00 00 00 00 00 00 00 64 A1 7E 7E 08 01 10 
00 00 00 00 00 00 E6 7E 7E 19 00 C0 00 1F F8 C0 
37 71 56 B0 82 15 00 00 00 00 00 00 00 00 00 00 
00 00 62 A3 7E 7E 08 01 10 00 00 00 00 00 00 E6 
7E 7E 19 00 C0 00 1F F8 C0 37 71 56 B0 82 15 00 
00 00 00 00 00 00 00 00 00 00 04 62 9F 7E 7E 08 
01 10 00 00 00 00 00 00 E6 7E 7E 19 00 C0 00 1F 
F8 C0 37 71 56 B0 82 15 00 00 00 00 00 00 00 00 
00 00 00 04 62 9F 7E 7E 08 01 10 00 00 00 00 00 
00 E6 7E 7E 19 00 C0 00 1F F8 C0 37 71 56 B0 82 
15 00 00 00 00 00 00 00 00 00 00 00 04 62 9F 7E 
7E 08 01 10 00 00 00 00 00 00 E6 7E 7E 19 00 C0 
00 1F F8 C0 37 71 56 B0 82 15 00 00 00 00 00 00 
00 00 00 00 00 04 62 9F 7E 7E 08 01 10 00 00 00 
00 00 00 E6 7E 7E 19 00 C0 00 1F F8 C0 37 71 56 
B0 82 15 00 00 00 00 00 00 00 00 00 00 00 00 63 
A2 7E 7E 08 01 10 00 00 00 00 00 00 E6 7E 7E 19 
00 C0 00 1F F8 C0 37 71 56 B0 82 15 00 00 00 00 
00 00 00 00 00 00 00 00 64 A1 7E 7E 08 01 10 00 
00 00 00 00 00 E6 7E 7E 19 00 C0 00 1F F8 C0 37 
71 56 B0 82 15 00 00 00 00 00 00 00 00 00 00 00 
04 64 9D 7E 7E 08 01 10 00 00 00 00 00 00 E6 7E 
7E 19 00 C0 00 1F F8 C0 37 71 56 B0 82 15 00 00 
00 00 00 00 00 00 00 00 00 04 64 9D 7E 7E 08 01 
10 00 00 00 00 00 00 E6 7E 7E 19 00 C0 00 1F F8 
C0 37 71 56 B0 82 15 00 00 00 00 00 00 00 00 00 
00 00 04 64 9D 7E 7E 08 01 10 00 00 00 00 00 00 
E6 7E 7E 19 00 C0 00 1F F8 C0 37 71 56 B0 82 15 
00 00 00 00 00 00 00 00 00 00 00 04 64 9D 7E 7E 
08 01 10 00 00 00 00 00 00 E6 7E 7E 19 00 C0 00 
1F F8 C0 37 71 56 B0 82 15 00 00 00 00 00 00 00 
00 00 00 00 00 64 A1 7E 7E 08 01 10 00 00 00 00 
00 00 E6 7E 7E 19 00 C0 00 1F F8 C0 37 71 56 B0 
82 15 00 00 00 00 00 00 00 00 00 00 00 00 64 A1 
7E 7E 08 01 10 00 00 00 00 00 00 E6 7E 7E 19 00 
C0 00 1F F8 C0 37 71 56 B0 82 15 00 00 00 00 00 
00 00 00 00 00 00 04 64 9D 7E 7E 08 01 10 00 00 
00 00 00 00 E6 7E 7E 19 00 C0 00 1F F8 C0 37 71 
56 B0 82 15 00 00 00 00 00 00 00 00 00 00 00 04 
64 9D 7E 7E 08 01 10 00 00 00 00 00 00 E6 7E 7E 
19 00 C0 00 1F F8 C0 37 71 56 B0 82 15 00 00 00 
00 00 00 00 00 00 00 00 04 64 9D 7E 7E 08 01 10 
00 00 00 00 00 00 E6 7E 7E 19 00 C0 00 1F F8 C0 
37 71 56 B0 82 15 00 00 00 00 00 00 00 00 00 00 
00 04 64 9D 7E 7E 08 01 10 00 00 00 00 00 00 E6 
7E 7E 19 00 C0 00 1F F8 C0 37 71 56 B0 82 15 00 
00 00 00 00 00 00 00 00 00 00 00 64 A1 7E 7E 08 
01 10 00 00 00 00 00 00 E6 7E 7E 19 00 C0 00 1F 
F8 C0 37 71 56 B0 82 15 00 00 00 00 00 00 00 00 
00 00 00 00 64 A1 7E 7E 08 01 10 00 00 00 00 00 
00 E6 7E 7E 19 00 C0 00 1F F8 C0 37 71 56 B0 82 
15 00 00 00 00 00 00 00 00 00 00 00 04 64 9D 7E 
7E 08 01 10 00 00 00 00 00 00 E6 7E 7E 19 00 C0 
00 1F F8 C0 37 71 56 B0 82 15 00 00 00 00 00 00 
00 00 00 00 00 04 64 9D 7E 7E 08 01 10 00 00 00 
00 00 00 E6 7E 7E 19 00 C0 00 1F F8 C0 37 71 56 
B0 82 15 00 00 00 00 00 00 00 00 00 00 00 04 64 
9D 7E 7E 08 01 10 00 00 00 00 00 00 E6 7E 7E 19 
00 C0 00 1F F8 C0 37 71 56 B0 82 15 00 00 00 00 
00 00 00 00 00 00 00 04 62 9F 7E 7E 08 01 10 00 
00 00 00 00 00 E6 7E 7E 19 00 C0 00 1F F8 C0 37 
71 56 B0 82 15 00 00 00 00 00 00 00 00 00 00 00 
00 63 A2 7E 7E 08 01 30 39 01 BA FF 44 00 8D 7E 
7E 19 00 C0 00 1F F8 C0 37 71 56 B0 82 15 00 00 
00 00 00 00 00 00 00 00 00 00 63 A2 7E 7E 08 01 
10 00 00 00 00 00 00 E6 7E 7E 19 00 C0 00 1F F8 
C0 37 71 56 B0 82 15 00 00 00 00 00 00 00 00 00 
00 00 04 63 9E 7E 7E 08 01 10 00 00 00 00 00 00 
E6 7E 7E 19 00 C0 00 1F F8 C0 37 71 56 B0 82 15 
00 00 00 00 00 00 00 00 00 00 00 04 63 9E 7E 7E 
08 01 10 00 00 00 00 00 00 E6 7E 7E 19 00 C0 00 
1F F8 C0 37 71 56 B0 82 15 00 00 00 00 00 00 00 
00 00 00 00 04 63 9E 7E 7E 08 01 10 00 00 00 00 
00 00 E6 7E 7E 19 00 C0 00 1F F8 C0 37 71 56 B0 
82 15 00 00 00 00 00 00 00 00 00 00 00 04 64 9D 
7E 7E 08 01 10 00 00 00 00 00 00 E6 7E 7E 19 00 
C0 00 1F F8 C0 37 71 56 B0 82 15 00 00 00 00 00 
00 00 00 00 00 00 00 64 A1 7E 7E 08 01 10 00 00 
00 00 00 00 E6 7E 7E 19 00 C0 00 1F F8 C0 37 71 
56 B0 82 15 00 00 00 00 00 00 00 00 00 00 00 00 
64 A1 7E 7E 08 01 10 00 00 00 00 00 00 E6 7E 7E 
19 00 C0 00 1F F8 C0 37 71 56 B0 82 15 00 00 00 
00 00 00 00 00 00 00 00 04 64 9D 7E 7E 08 01 10 
00 00 00 00 00 00 E6 7E 7E 19 00 C0 00 1F F8 C0 
37 71 56 B0 82 15 00 00 00 00 00 00 00 00 00 00 
00 04 64 9D 7E 7E 08 01 10 00 00 00 00 00 00 E6 
7E 7E 19 00 C0 00 1F F8 C0 37 71 56 B0 82 15 00 
00 00 00 00 00 00 00 00 00 00 04 64 9D 7E 7E 08 
01 10 00 00 00 00 00 00 E6 7E 7E 19 00 C0 00 1F 
F8 C0 37 71 56 B0 82 15 00 00 00 00 00 00 00 00 
00 00 00 04 63 9E 7E 7E 08 01 10 00 00 00 00 00 
00 E6 7E 7E 19 00 C0 00 5F F8 C0 37 71 56 B0 82 
15 00 00 00 00 00 00 00 00 00 00 00 00 64 61 7E 
7E 08 01 10 00 00 00 00 00 00 E6 7E 7E 19 00 C0 
00 5F F8 C0 37 71 56 B0 82 15 00 00 00 00 00 00 
00 00 00 00 00 00 64 61 7E 7E 08 01 10 00 00 00 
00 00 00 E6 7E 7E 19 00 C0 00 5F F8 C0 37 71 56 
B0 82 15 00 00 00 00 00 00 00 00 00 00 00 04 64 
5D 7E 7E 08 01 10 00 00 00 00 00 00 E6 7E 7E 19 
00 C0 00 5F F8 C0 37 71 56 B0 82 15 00 00 00 00 
00 00 00 00 00 00 00 04 64 5D 7E 7E 08 01 10 00 
00 00 00 00 00 E6 7E 7E 19 00 C0 00 5F F8 C0 37 
71 56 B0 82 15 00 00 00 00 00 00 00 00 00 00 00 
04 64 5D 7E 7E 08 01 10 00 00 00 00 00 00 E6 7E 
7E 19 00 C0 00 5F F8 C0 37 71 56 B0 82 15 00 00 
00 00 00 00 00 00 00 00 00 04 63 5E 7E 7E 08 01 
10 00 00 00 00 00 00 E6 7E 7E 19 00 C0 00 1F F8 
C0 37 71 56 B0 82 15 00 00 00 00 00 00 00 00 00 
00 00 00 62 A3 7E 7E 08 01 10 00 00 00 00 00 00 
E6 7E 7E 19 00 C0 00 1F F8 C0 37 71 56 B0 82 15 
00 00 00 00 00 00 00 00 00 00 00 00 62 A3 7E 7E 
08 01 10 00 00 00 00 00 00 E6 7E 7E 19 00 C0 00 
1F F8 C0 37 71 56 B0 82 15 00 00 00 00 00 00 00 
00 00 00 00 04 62 9F 7E 7E 08 01 10 00 00 00 00 
00 00 E6 7E 7E 19 00 C0 00 1F F8 C0 37 71 56 B0 
82 15 00 00 00 00 00 00 00 00 00 00 00 04 62 9F 
7E 7E 08 01 10 00 00 00 00 00 00 E6 7E 7E 19 00 
C0 00 1F F8 C0 37 71 56 B0 82 15 00 00 00 00 00 
00 00 00 00 00 00 04 62 9F 7E 7E 08 01 10 00 00 
00 00 00 00 E6 7E 7E 19 00 C0 00 1F F8 C0 37 71 
56 B0 82 15 00 00 00 00 00 00 00 00 00 00 00 00 
62 A3 7E 7E 08 01 10 00 00 00 00 00 00 E6 7E 7E 
19 00 C0 00 1F F8 C0 37 71 56 B0 82 15 00 00 00 
00 00 00 00 00 00 00 00 00 62 A3 7E 7E 08 01 10 
00 00 00 00 00 00 E6 7E 7E 19 00 C0 00 1F F8 C0 
37 71 56 B0 82 15 00 00 00 00 00 00 00 00 00 00 
00 04 62 9F 7E 7E 08 01 10 00 00 00 00 00 00 E6 
7E 7E 19 00 C0 00 1F F8 C0 37 71 56 B0 82 15 00 
00 00 00 00 00 00 00 00 00 00 04 62 9F 7E 7E 08 
01 10 00 00 00 00 00 00 E6 7E 7E 19 00 C0 00 1F 
F8 C0 37 71 56 B0 82 15 00 00 00 00 00 00 00 00 
00 00 00 04 62 9F 7E 7E 08 01 10 00 00 00 00 00 
00 E6 7E 7E 19 00 C0 00 1F F8 C0 37 71 56 B0 82 
15 00 00 00 00 00 00 00 00 00 00 00 04 62 9F 7E 
7E 08 01 10 00 00 00 00 00 00 E6 7E 7E 19 00 C0 
00 1F F8 C0 37 71 56 B0 82 15 00 00 00 00 00 00 
00 00 00 00 00 00 63 A2 7E 7E 08 01 10 00 00 00 
00 00 00 E6 7E 7E 19 00 C0 00 1F F8 C0 37 71 56 
B0 82 15 00 00 00 00 00 00 00 00 00 00 00 00 63 
A2 7E 7E 08 01 10 00 00 00 00 00 00 E6 7E 7E 19 
00 C0 00 1F F8 C0 37 71 56 B0 82 15 00 00 00 00 
00 00 00 00 00 00 00 04 63 9E 7E 7E 08 01 10 00 
00 00 00 00 00 E6 7E 7E 19 00 C0 00 1F F8 C0 37 
71 56 B0 82 15 00 00 00 00 00 00 00 00 00 00 00 
04 63 9E 7E 7E 08 01 10 00 00 00 00 00 00 E6 7E 
7E 19 00 C0 00 1F F8 C0 37 71 56 B0 82 15 00 00 
00 00 00 00 00 00 00 00 00 04 63 9E 7E 7E 08 01 
10 00 00 00 00 00 00 E6 7E 7E 19 00 C0 00 1F F8 
C0 37 71 56 B0 82 15 00 00 00 00 00 00 00 00 00 
00 00 04 62 9F 7E 7E 08 01 10 00 00 00 00 00 00 
E6 7E 7E 19 00 C0 E8 1E F8 C0 37 71 56 B0 82 15 
00 00 00 00 00 00 00 00 00 00 00 00 63 BA 7E 7E 
08 01 10 00 00 00 00 00 00 E6 7E 7E 19 00 C0 E8 
1E F8 C0 37 71 56 B0 82 15 00 00 00 00 00 00 00 
00 00 00 00 00 63 BA 7E 7E 08 01 10 00 00 00 00 
00 00 E6 7E 7E 19 00 C0 E8 1E F8 C0 37 71 56 B0 
82 15 00 00 00 00 00 00 00 00 00 00 00 04 63 B6 
7E 7E 08 01 10 00 00 00 00 00 00 E6 7E 7E 19 00 
C0 E8 1E F8 C0 37 71 56 B0 82 15 00 00 00 00 00 
00 00 00 00 00 00 04 63 B6 7E 7E 08 01 10 00 00 
00 00 00 00 E6 7E 7E 19 00 C0 E8 1E F8 C0 37 71 
56 B0 82 15 00 00 00 00 00 00 00 00 00 00 00 04 
63 B6 7E 7E 08 01 10 00 00 00 00 00 00 E6 7E 7E 
19 00 C0 E8 1E F8 C0 37 71 56 B0 82 15 00 00 00 
00 00 00 00 00 00 00 00 04 63 B6 7E 7E 08 01 10 
00 00 00 00 00 00 E6 7E 7E 19 00 C0 00 1F F8 C0 
37 71 56 B0 82 15 00 00 00 00 00 00 00 00 00 00 
00 00 63 A2 7E 7E 08 01 10 00 00 00 00 00 00 E6 
7E 7E 19 00 C0 00 1F F8 C0 37 71 56 B0 82 15 00 
00 00 00 00 00 00 00 00 00 00 00 63 A2 7E 7E 08 
01 10 00 00 00 00 00 00 E6 7E 7E 19 00 C0 00 1F 
F8 C0 37 71 56 B0 82 15 00 00 00 00 00 00 00 00 
00 00 00 04 63 9E 7E 7E 08 01 10 00 00 00 00 00 
00 E6 7E 7E 19 00 C0 00 1F F8 C0 37 71 56 B0 82 
15 00 00 00 00 00 00 00 00 00 00 00 04 63 9E 7E 
7E 08 01 10 00 00 00 00 00 00 E6 7E 7E 19 00 C0 
00 1F F8 C0 37 71 56 B0 82 15 00 00 00 00 00 00 
00 00 00 00 00 04 63 9E 7E 7E 08 01 10 00 00 00 
00 00 00 E6 7E 7E 19 00 C0 00 1F F8 C0 37 71 56 
B0 82 15 00 00 00 00 00 00 00 00 00 00 00 04 63 
9E 7E 7E 08 01 10 00 00 00 00 00 00 E6 7E 7E 19 
00 C0 00 1F F8 C0 37 71 56 B0 82 15 00 00 00 00 
00 00 00 00 00 00 00 00 64 A1 7E 7E 08 01 10 00 
00 00 00 00 00 E6 7E 7E 19 00 C0 00 1F F8 C0 37 
71 56 B0 82 15 00 00 00 00 00 00 00 00 00 00 00 
00 64 A1 7E 7E 08 01 10 00 00 00 00 00 00 E6 7E 
7E 19 00 C0 00 1F F8 C0 37 71 56 B0 82 15 00 00 
00 00 00 00 00 00 00 00 00 04 64 9D 7E 7E 08 01 
10 00 00 00 00 00 00 E6 7E 7E 19 00 C0 00 1F F8 
C0 37 71 56 B0 82 15 00 00 00 00 00 00 00 00 00 
00 00 04 64 9D 7E 7E 08 01 10 00 00 00 00 00 00 
E6 7E 7E 19 00 C0 00 1F F8 C0 37 71 56 B0 82 15 
00 00 00 00 00 00 00 00 00 00 00 04 64 9D 7E 7E 
08 01 10 00 00 00 00 00 00 E6 7E 7E 19 00 C0 00 
1F F8 C0 37 71 56 B0 82 15 00 00 00 00 00 00 00 
00 00 00 00 04 63 9E 7E 7E 08 01 10 00 00 00 00 
00 00 E6 7E 7E 19 00 C0 00 1F F8 C0 37 71 56 B0 
82 15 00 00 00 00 00 00 00 00 00 00 00 00 63 A2 
7E 7E 08 01 10 00 00 00 00 00 00 E6 7E 7E 19 00 
C0 00 1F F8 C0 37 71 56 B0 82 15 00 00 00 00 00 
00 00 00 00 00 00 04 63 9E 7E 7E 08 01 10 00 00 
00 00 00 00 E6 7E 7E 19 00 C0 00 1F F8 C0 37 71 
56 B0 82 15 00 00 00 00 00 00 00 00 00 00 00 04 
63 9E 7E 7E 08 01 10 00 00 00 00 00 00 E6 7E 7E 
19 00 C0 00 1F F8 C0 37 71 56 B0 82 15 00 00 00 
00 00 00 00 00 00 00 00 04 63 9E 7E 7E 08 01 10 
00 00 00 00 00 00 E6 7E 7E 19 00 C0 00 1F F8 C0 
37 71 56 B0 82 15 00 00 00 00 00 00 00 00 00 00 
00 04 63 9E 7E 7E 08 01 10 00 00 00 00 00 00 E6 
7E 7E 19 00 C0 00 1F F8 C0 37 71 56 B0 82 15 00 
00 00 00 00 00 00 00 00 00 00 04 64 9D 7E 7E 08 
01 10 00 00 00 00 00 00 E6 7E 7E 19 00 C0 00 1F 
F8 C0 37 71 56 B0 82 15 00 00 00 00 00 00 00 00 
00 00 00 00 62 A3 7E 7E 08 01 10 00 00 00 00 00 
00 E6 7E 7E 19 00 C0 00 1F F8 C0 37 71 56 B0 82 
15 00 00 00 00 00 00 00 00 00 00 00 04 62 9F 7E 
7E 08 01 10 00 00 00 00 00 00 E6 7E 7E 19 00 C0 
00 1F F8 C0 37 71 56 B0 82 15 00 00 00 00 00 00 
00 00 00 00 00 04 62 9F 7E 7E 08 01 10 00 00 00 
00 00 00 E6 7E 7E 19 00 C0 00 1F F8 C0 37 71 56 
B0 82 15 00 00 00 00 00 00 00 00 00 00 00 04 62 
9F 7E 7E 08 01 10 00 00 00 00 00 00 E6 7E 7E 19 
00 C0 00 1F F8 C0 37 71 56 B0 82 15 00 00 00 00 
00 00 00 00 00 00 00 04 62 9F 7E 7E 08 01 10 00 
00 00 00 00 00 E6 7E 7E 19 00 C0 00 1F F8 C0 37 
71 56 B0 82 15 00 00 00 00 00 00 00 00 00 00 00 
04 63 9E 7E 7E 08 01 10 00 00 00 00 00 00 E6 7E 
7E 19 00 C0 00 1F F8 C0 37 71 56 B0 82 15 00 00 
00 00 00 00 00 00 00 00 00 00 63 A2 7E 7E 08 01 
10 00 00 00 00 00 00 E6 7E 7E 19 00 C0 00 1F F8 
C0 37 71 56 B0 82 15 00 00 00 00 00 00 00 00 00 
00 00 04 63 9E 7E 7E 08 01 10 00 00 00 00 00 00 
E6 7E 7E 19 00 C0 00 1F F8 C0 37 71 56 B0 82 15 
00 00 00 00 00 00 00 00 00 00 00 04 63 9E 7E 7E 
08 01 10 00 00 00 00 00 00 E6 7E 7E 19 00 C0 00 
1F F8 C0 37 71 56 B0 82 15 00 00 00 00 00 00 00 
00 00 00 00 04 63 9E 7E 7E 08 01 10 00 00 00 00 
00 00 E6 7E 7E 19 00 C0 00 1F F8 C0 37 71 56 B0 
82 15 00 00 00 00 00 00 00 00 00 00 00 04 63 9E 
7E 7E 08 01 10 00 00 00 00 00 00 E6 7E 7E 19 00 
C0 00 1F F8 C0 37 71 56 B0 82 15 00 00 00 00 00 
00 00 00 00 00 00 00 63 A2 7E 7E 08 01 10 00 00 
00 00 00 00 E6 7E 7E 19 00 C0 00 1F F8 C0 37 71 
56 B0 82 15 00 00 00 00 00 00 00 00 00 00 00 00 
64 A1 7E 7E 08 01 10 00 00 00 00 00 00 E6 7E 7E 
19 00 C0 00 1F F8 C0 37 71 56 B0 82 15 00 00 00 
00 00 00 00 00 00 00 00 04 64 9D 7E 7E 08 01 10 
00 00 00 00 00 00 E6 7E 7E 19 00 C0 00 1F F8 C0 
37 71 56 B0 82 15 00 00 00 00 00 00 00 00 00 00 
00 04 64 9D 7E 7E 08 01 10 00 00 00 00 00 00 E6 
7E 7E 19 00 C0 00 1F F8 C0 37 71 56 B0 82 15 00 
00 00 00 00 00 00 00 00 00 00 04 64 9D 7E 7E 08 
01 10 00 00 00 00 00 00 E6 7E 7E 19 00 C0 00 1F 
F8 C0 37 71 56 B0 82 15 00 00 00 00 00 00 00 00 
00 00 00 04 63 9E 7E 7E 08 01 10 00 00 00 00 00 
00 E6 7E 7E 19 00 C0 00 1F F8 C0 37 71 56 B0 82 
15 00 00 00 00 00 00 00 00 00 00 00 00 62 A3 7E 
7E 08 01 10 00 00 00 00 00 00 E6 7E 7E 19 00 C0 
00 1F F8 C0 37 71 56 B0 82 15 00 00 00 00 00 00 
00 00 00 00 00 00 62 A3 7E 7E 08 01 10 00 00 00 
00 00 00 E6 7E 7E 19 00 C0 00 1F F8 C0 37 71 56 
B0 82 15 00 00 00 00 00 00 00 00 00 00 00 04 62 
9F 7E 7E 08 01 10 00 00 00 00 00 00 E6 7E 7E 19 
00 C0 00 1F F8 C0 37 71 56 B0 82 15 00 00 00 00 
00 00 00 00 00 00 00 04 62 9F 7E 7E 08 01 10 00 
00 00 00 00 00 E6 7E 7E 19 00 C0 00 1F F8 C0 37 
71 56 B0 82 15 00 00 00 00 00 00 00 00 00 00 00 
04 62 9F 7E 7E 08 01 10 00 00 00 00 00 00 E6 7E 
7E 19 00 C0 00 1F F8 C0 37 71 56 B0 82 15 00 00 
00 00 00 00 00 00 00 00 00 04 63 9E 7E 7E 08 01 
10 00 00 00 00 00 00 E6 7E 7E 19 00 C0 00 1F F8 
C0 37 71 56 B0 82 15 00 00 00 00 00 00 00 00 00 
00 00 00 63 A2 7E 7E 08 01 30 3A 01 BA FF 44 00 
8C 7E 7E 19 00 C0 00 1F F8 C0 37 71 56 B0 82 15 
00 00 00 00 00 00 00 00 00 00 00 00 63 A2 7E 7E 
08 01 10 00 00 00 00 00 00 E6 7E 7E 19 00 C0 00 
1F F8 C0 37 71 56 B0 82 15 00 00 00 00 00 00 00 
00 00 00 00 04 63 9E 7E 7E 08 01 10 00 00 00 00 
00 00 E6 7E 7E 19 00 C0 00 1F F8 C0 37 71 56 B0 
82 15 00 00 00 00 00 00 00 00 00 00 00 04 63 9E 
7E 7E 08 01 10 00 00 00 00 00 00 E6 7E 7E 19 00 
C0 00 1F F8 C0 37 71 56 B0 82 15 00 00 00 00 00 
00 00 00 00 00 00 04 63 9E 7E 7E 08 01 10 00 00 
00 00 00 00 E6 7E 7E 19 00 C0 00 1F F8 C0 37 71 
56 B0 82 15 00 00 00 00 00 00 00 00 00 00 00 04 
63 9E 7E 7E 08 01 10 00 00 00 00 00 00 E6 7E 7E 
19 00 C0 00 1F F8 C0 37 71 56 B0 82 15 00 00 00 
00 00 00 00 00 00 00 00 00 63 A2 7E 7E 08 01 10 
00 00 00 00 00 00 E6 7E 7E 19 00 C0 00 1F F8 C0 
37 71 56 B0 82 15 00 00 00 00 00 00 00 00 00 00 
00 00 63 A2 7E 7E 08 01 10 00 00 00 00 00 00 E6 
7E 7E 19 00 C0 00 1F F8 C0 37 71 56 B0 82 15 00 
00 00 00 00 00 00 00 00 00 00 04 63 9E 7E 7E 08 
01 10 00 00 00 00 00 00 E6 7E 7E 19 00 C0 00 1F 
F8 C0 37 71 56 B0 82 15 00 00 00 00 00 00 00 00 
00 00 00 04 63 9E 7E 7E 08 01 10 00 00 00 00 00 
00 E6 7E 7E 19 00 C0 00 1F F8 C0 37 71 56 B0 82 
15 00 00 00 00 00 00 00 00 00 00 00 04 63 9E 7E 
7E 08 01 10 00 00 00 00 00 00 E6 7E 7E 19 00 C0 
00 1F F8 C0 37 71 56 B0 82 15 00 00 00 00 00 00 
00 00 00 00 00 04 63 9E 7E 7E 08 01 10 00 00 00 
00 00 00 E6 7E 7E 19 00 C0 00 1F F8 C0 37 71 56 
B0 82 15 00 00 00 00 00 00 00 00 00 00 00 00 64 
A1 7E 7E 08 01 10 00 00 00 00 00 00 E6 7E 7E 19 
00 C0 00 1F F8 C0 37 71 56 B0 82 15 00 00 00 00 
00 00 00 00 00 00 00 00 64 A1 7E 7E 08 01 10 00 
00 00 00 00 00 E6 7E 7E 19 00 C0 00 1F F8 C0 37 
71 56 B0 82 15 00 00 00 00 00 00 00 00 00 00 00 
04 64 9D 7E 7E 08 01 10 00 00 00 00 00 00 E6 7E 
7E 19 00 C0 00 1F F8 C0 37 71 56 B0 82 15 00 00 
00 00 00 00 00 00 00 00 00 04 64 9D 7E 7E 08 01 
10 00 00 00 00 00 00 E6 7E 7E 19 00 C0 00 1F F8 
C0 37 71 56 B0 82 15 00 00 00 00 00 00 00 00 00 
00 00 04 64 9D 7E 7E 08 01 10 00 00 00 00 00 00 
E6 7E 7E 19 00 C0 00 1F F8 C0 37 71 56 B0 82 15 
00 00 00 00 00 00 00 00 00 00 00 04 64 9D 7E 7E 
08 01 10 00 00 00 00 00 00 E6 7E 7E 19 00 C0 00 
1F F8 C0 37 71 56 B0 82 15 00 00 00 00 00 00 00 
00 00 00 00 00 64 A1 7E 7E 08 01 10 00 00 00 00 
00 00 E6 7E 7E 19 00 C0 00 1F F8 C0 37 71 56 B0 
82 15 00 00 00 00 00 00 00 00 00 00 00 00 64 A1 
7E 7E 08 01 10 00 00 00 00 00 00 E6 7E 7E 19 00 
C0 00 1F F8 C0 37 71 56 B0 82 15 00 00 00 00 00 
00 00 00 00 00 00 04 64 9D 7E 7E 08 01 10 00 00 
00 00 00 00 E6 7E 7E 19 00 C0 00 1F F8 C0 37 71 
56 B0 82 15 00 00 00 00 00 00 00 00 00 00 00 04 
64 9D 7E 7E 08 01 10 00 00 00 00 00 00 E6 7E 7E 
19 00 C0 00 1F F8 C0 37 71 56 B0 82 15 00 00 00 
00 00 00 00 00 00 00 00 04 64 9D 7E 7E 08 01 10 
00 00 00 00 00 00 E6 7E 7E 19 00 C0 00 1F F8 C0 
37 71 56 B0 82 15 00 00 00 00 00 00 00 00 00 00 
00 04 64 9D 7E 7E 08 01 10 00 00 00 00 00 00 E6 
7E 7E 19 00 C0 00 1F F8 C0 37 71 56 B0 82 15 00 
00 00 00 00 00 00 00 00 00 00 00 64 A1 7E 7E 08 
01 10 00 00 00 00 00 00 E6 7E 7E 19 00 C0 00 1F 
F8 C0 37 71 56 B0 82 15 00 00 00 00 00 00 00 00 
00 00 00 00 64 A1 7E 7E 08 01 10 00 00 00 00 00 
00 E6 7E 7E 19 00 C0 00 1F F8 C0 37 71 56 B0 82 
15 00 00 00 00 00 00 00 00 00 00 00 04 64 9D 7E 
7E 08 01 10 00 00 00 00 00 00 E6 7E 7E 19 00 C0 
00 1F F8 C0 37 71 56 B0 82 15 00 00 00 00 00 00 
00 00 00 00 00 04 64 9D 7E 7E 08 01 10 00 00 00 
00 00 00 E6 7E 7E 19 00 C0 00 1F F8 C0 37 71 56 
B0 82 15 00 00 00 00 00 00 00 00 00 00 00 04 64 
9D 7E 7E 08 01 10 00 00 00 00 00 00 E6 7E 7E 19 
00 C0 00 1F F8 C0 37 71 56 B0 82 15 00 00 00 00 
00 00 00 00 00 00 00 04 64 9D 7E 7E 08 01 10 00 
00 00 00 00 00 E6 7E 7E 19 00 C0 00 1F F8 C0 37 
71 56 B0 82 15 00 00 00 00 00 00 00 00 00 00 00 
00 62 A3 7E 7E 08 01 10 00 00 00 00 00 00 E6 7E 
7E 19 00 C0 00 1F F8 C0 37 71 56 B0 82 15 00 00 
00 00 00 00 00 00 00 00 00 04 62 9F 7E 7E 08 01 
10 00 00 00 00 00 00 E6 7E 7E 19 00 C0 00 1F F8 
C0 37 71 56 B0 82 15 00 00 00 00 00 00 00 00 00 
00 00 04 62 9F 7E 7E 08 01 10 00 00 00 00 00 00 
E6 7E 7E 19 00 C0 00 1F F8 C0 37 71 56 B0 82 15 
00 00 00 00 00 00 00 00 00 00 00 04 62 9F 7E 7E 
08 01 10 00 00 00 00 00 00 E6 7E 7E 19 00 C0 00 
1F F8 C0 37 71 56 B0 82 15 00 00 00 00 00 00 00 
00 00 00 00 04 62 9F 7E 7E 08 01 10 00 00 00 00 
00 00 E6 7E 7E 19 00 C0 00 1F F8 C0 37 71 56 B0 
82 15 00 00 00 00 00 00 00 00 00 00 00 00 61 A4 
7E 7E 08 01 10 00 00 00 00 00 00 E6 7E 7E 19 00 
C0 00 1F F8 C0 37 71 56 B0 82 15 00 00 00 00 00 
00 00 00 00 00 00 00 62 A3 7E 7E 08 01 10 00 00 
00 00 00 00 E6 7E 7E 19 00 C0 00 1F F8 C0 37 71 
56 B0 82 15 00 00 00 00 00 00 00 00 00 00 00 04 
62 9F 7E 7E 08 01 10 00 00 00 00 00 00 E6 7E 7E 
19 00 C0 00 1F F8 C0 37 71 56 B0 82 15 00 00 00 
00 00 00 00 00 00 00 00 04 62 9F 7E 7E 08 01 10 
00 00 00 00 00 00 E6 7E 7E 19 00 C0 00 1F F8 C0 
37 71 56 B0 82 15 00 00 00 00 00 00 00 00 00 00 
00 04 62 9F 7E 7E 08 01 10 00 00 00 00 00 00 E6 
7E 7E 19 00 C0 00 1F F8 C0 37 71 56 B0 82 15 00 
00 00 00 00 00 00 00 00 00 00 04 61 A0 7E 7E 08 
01 10 00 00 00 00 00 00 E6 7E 7E 19 00 C0 00 5F 
F8 C0 37 71 56 B0 82 15 00 00 00 00 00 00 00 00 
00 00 00 00 61 64 7E 7E 08 01 10 00 00 00 00 00 
00 E6 7E 7E 19 00 C0 00 5F F8 C0 37 71 56 B0 82 
15 00 00 00 00 00 00 00 00 00 00 00 00 61 64 7E 
7E 08 01 10 00 00 00 00 00 00 E6 7E 7E 19 00 C0 
00 5F F8 C0 37 71 56 B0 82 15 00 00 00 00 00 00 
00 00 00 00 00 04 61 60 7E 7E 08 01 10 00 00 00 
00 00 00 E6 7E 7E 19 00 C0 00 5F F8 C0 37 71 56 
B0 82 15 00 00 00 00 00 00 00 00 00 00 00 04 61 
60 7E 7E 08 01 10 00 00 00 00 00 00 E6 7E 7E 19 
00 C0 00 5F F8 C0 37 71 56 B0 82 15 00 00 00 00 
00 00 00 00 00 00 00 04 61 60 7E 7E 08 01 10 00 
00 00 00 00 00 E6 7E 7E 19 00 C0 00 5F F8 C0 37 
71 56 B0 82 15 00 00 00 00 00 00 00 00 00 00 00 
04 61 60 7E 7E 08 01 10 00 00 00 00 00 00 E6 7E 
7E 19 00 C0 00 1F F8 C0 37 71 56 B0 82 15 00 00 
00 00 00 00 00 00 00 00 00 00 62 A3 7E 7E 08 01 
30 3B 01 BA FF 44 00 8B 7E 7E 19 00 C0 00 1F F8 
C0 37 71 56 B0 82 15 00 00 00 00 00 00 00 00 00 
00 00 00 62 A3 7E 7E 08 01 10 00 00 00 00 00 00 
E6 7E 7E 19 00 C0 00 1F F8 C0 37 71 56 B0 82 15 
00 00 00 00 00 00 00 00 00 00 00 04 62 9F 7E 7E 
08 01 10 00 00 00 00 00 00 E6 7E 7E 19 00 C0 00 
1F F8 C0 37 71 56 B0 82 15 00 00 00 00 00 00 00 
00 00 00 00 04 62 9F 7E 7E 08 01 10 00 00 00 00 
00 00 E6 7E 7E 19 00 C0 00 1F F8 C0 37 71 56 B0 
82 15 00 00 00 00 00 00 00 00 00 00 00 04 62 9F 
7E 7E 08 01 10 00 00 00 00 00 00 E6 7E 7E 19 00 
C0 00 1F F8 C0 37 71 56 B0 82 15 00 00 00 00 00 
00 00 00 00 00 00 04 62 9F 7E 7E 08 01 10 00 00 
00 00 00 00 E6 7E 7E 19 00 C0 00 1F F8 C0 37 71 
56 B0 82 15 00 00 00 00 00 00 00 00 00 00 00 00 
63 A2 7E 7E 08 01 10 00 00 00 00 00 00 E6 7E 7E 
19 00 C0 00 1F F8 C0 37 71 56 B0 82 15 00 00 00 
00 00 00 00 00 00 00 00 00 63 A2 7E 7E 08 01 10 
00 00 00 00 00 00 E6 7E 7E 19 00 C0 00 1F F8 C0 
37 71 56 B0 82 15 00 00 00 00 00 00 00 00 00 00 
00 04 63 9E 7E 7E 08 01 10 00 00 00 00 00 00 E6 
7E 7E 19 00 C0 00 1F F8 C0 37 71 56 B0 82 15 00 
00 00 00 00 00 00 00 00 00 00 04 63 9E 7E 7E 08 
01 10 00 00 00 00 00 00 E6 7E 7E 19 00 C0 00 1F 
F8 C0 37 71 56 B0 82 15 00 00 00 00 00 00 00 00 
00 00 00 04 63 9E 7E 7E 08 01 10 00 00 00 00 00 
00 E6 7E 7E 19 00 C0 00 1F F8 C0 37 71 56 B0 82 
15 00 00 00 00 00 00 00 00 00 00 00 04 63 9E 7E 
7E 08 01 10 00 00 00 00 00 00 E6 7E 7E 19 00 C0 
00 1F F8 C0 37 71 56 B0 82 15 00 00 00 00 00 00 
00 00 00 00 00 00 63 A2 7E 7E 08 01 10 00 00 00 
00 00 00 E6 7E 7E 19 00 C0 00 1F F8 C0 37 71 56 
B0 82 15 00 00 00 00 00 00 00 00 00 00 00 00 63 
A2 7E 7E 08 01 10 00 00 00 00 00 00 E6 7E 7E 19 
00 C0 00 1F F8 C0 37 71 56 B0 82 15 00 00 00 00 
00 00 00 00 00 00 00 04 63 9E 7E 7E 08 01 10 00 
00 00 00 00 00 E6 7E 7E 19 00 C0 00 1F F8 C0 37 
71 56 B0 82 15 00 00 00 00 00 00 00 00 00 00 00 
04 63 9E 7E 7E 08 01 10 00 00 00 00 00 00 E6 7E 
7E 19 00 C0 00 1F F8 C0 37 71 56 B0 82 15 00 00 
00 00 00 00 00 00 00 00 00 04 63 9E 7E 7E 08 01 
10 00 00 00 00 00 00 E6 7E 7E 19 00 C0 00 1F F8 
C0 37 71 56 B0 82 15 00 00 00 00 00 00 00 00 00 
00 00 04 63 9E 7E 7E 08 01 10 00 00 00 00 00 00 
E6 7E 7E 19 00 C0 00 1F F8 C0 37 71 56 B0 82 15 
00 00 00 00 00 00 00 00 00 00 00 00 63 A2 7E 7E 
08 01 10 00 00 00 00 00 00 E6 7E 7E 19 00 C0 00 
1F F8 C0 37 71 56 B0 82 15 00 00 00 00 00 00 00 
00 00 00 00 00 63 A2 7E 7E 08 01 10 00 00 00 00 
00 00 E6 7E 7E 19 00 C0 00 1F F8 C0 37 71 56 B0 
82 15 00 00 00 00 00 00 00 00 00 00 00 04 63 9E 
7E 7E 08 01 10 00 00 00                         

