F3 F9 21 01 10 00 00 00 00 00 00 E6 7E 7E 19 00 
C0 00 1F F8 C0 37 71 56 B0 82 15 00 00 00 00 00 
00 00 00 00 00 00 04 62 9F 7E 7E 08 01 10 00 00 
00 00 00 00 E6 7E 7E 19 00 C0 00 1F F8 C0 37 71 
56 B0 82 15 00 00 00 00 00 00 00 00 00 00 00 04 
62 9F 7E 7E 08 01 10 00 00 00 00 00 00 E6 7E 7E 
19 00 C0 00 1F F8 C0 37 71 56 B0 82 15 00 00 00 
00 00 00 00 00 00 00 00 04 62 9F 7E 7E 08 01 10 
00 00 00 00 00 00 E6 7E 7E 19 00 C0 00 1F F8 C0 
37 71 56 B0 82 15 00 00 00 00 00 00 00 00 00 00 
00 04 62 9F 7E 7E 08 01 10 00 00 00 00 00 00 E6 
7E 7E 19 00 C0 00 1F F8 C0 37 71 56 B0 82 15 00 
00 00 00 00 00 00 00 00 00 00 04 63 9E 7E 7E 08 
01 10 00 00 00 00 00 00 E6 7E 7E 19 00 C0 00 1F 
F8 C0 37 71 56 B0 82 15 00 00 00 00 00 00 00 00 
00 00 00 00 63 A2 7E 7E 08 01 10 00 00 00 00 00 
00 E6 7E 7E 19 00 C0 00 1F F8 C0 37 71 56 B0 82 
15 00 00 00 00 00 00 00 00 00 00 00 00 63 A2 7E 
7E 08 01 10 00 00 00 00 00 00 E6 7E 7E 19 00 C0 
00 1F F8 C0 37 71 56 B0 82 15 00 00 00 00 00 00 
00 00 00 00 00 04 63 9E 7E 7E 08 01 10 00 00 00 
00 00 00 E6 7E 7E 19 00 C0 00 1F F8 C0 37 71 56 
B0 82 15 00 00 00 00 00 00 00 00 00 00 00 04 63 
9E 7E 7E 08 01 10 00 00 00 00 00 00 E6 7E 7E 19 
00 C0 00 1F F8 C0 37 71 56 B0 82 15 00 00 00 00 
00 00 00 00 00 00 00 04 63 9E 7E 7E 08 01 10 00 
00 00 00 00 00 E6 7E 7E 19 00 C0 00 1F F8 BA 37 
71 56 B0 82 15 00 00 00 00 00 00 00 00 00 00 00 
04 63 A4 7E 7E 08 01 10 00 00 00 00 00 00 E6 7E 
7E 19 00 C0 00 1F F8 C0 37 71 56 B0 82 15 00 00 
00 00 00 00 00 00 00 00 00 00 64 A1 7E 7E 08 01 
10 00 00 00 00 00 00 E6 7E 7E 19 00 C0 00 1F F8 
C0 37 71 56 B0 82 15 00 00 00 00 00 00 00 00 00 
00 00 00 64 A1 7E 7E 08 01 10 00 00 00 00 00 00 
E6 7E 7E 19 00 C0 00 1F F8 C0 37 71 56 B0 82 15 
00 00 00 00 00 00 00 00 00 00 00 04 64 9D 7E 7E 
08 01 10 00 00 00 00 00 00 E6 7E 7E 19 00 C0 00 
1F F8 C0 37 71 56 B0 82 15 00 00 00 00 00 00 00 
00 00 00 00 04 64 9D 7E 7E 08 01 10 00 00 00 00 
00 00 E6 7E 7E 19 00 C0 00 1F F8 C0 37 71 56 B0 
82 15 00 00 00 00 00 00 00 00 00 00 00 04 64 9D 
7E 7E 08 01 10 00 00 00 00 00 00 E6 7E 7E 19 00 
C0 00 1F F8 C0 37 71 56 B0 82 15 00 00 00 00 00 
00 00 00 00 00 00 04 64 9D 7E 7E 08 01 10 00 00 
00 00 00 00 E6 7E 7E 19 00 C0 00 1F F8 C0 37 71 
56 B0 82 15 00 00 00 00 00 00 00 00 00 00 00 00 
64 A1 7E 7E 08 01 10 00 00 00 00 00 00 E6 7E 7E 
19 00 C0 00 1F F8 C0 37 71 56 B0 82 15 00 00 00 
00 00 00 00 00 00 00 00 04 64 9D 7E 7E 08 01 10 
00 00 00 00 00 00 E6 7E 7E 19 00 C0 00 1F F8 C0 
37 71 56 B0 82 15 00 00 00 00 00 00 00 00 00 00 
00 04 64 9D 7E 7E 08 01 10 00 00 00 00 00 00 E6 
7E 7E 19 00 C0 00 1F F8 C0 37 71 56 B0 82 15 00 
00 00 00 00 00 00 00 00 00 00 04 64 9D 7E 7E 08 
01 10 00 00 00 00 00 00 E6 7E 7E 19 00 C0 00 1F 
F8 C0 37 71 56 B0 82 15 00 00 00 00 00 00 00 00 
00 00 00 04 64 9D 7E 7E 08 01 10 00 00 00 00 00 
00 E6 7E 7E 19 00 C0 E8 1E F8 C0 37 71 56 B0 82 
15 00 00 00 00 00 00 00 00 00 00 00 04 64 B5 7E 
7E 08 01 30 38 01 BA FF 44 00 8E 7E 7E 19 00 C0 
E8 5E F8 C0 37 71 56 B0 82 15 00 00 00 00 00 00 
00 00 00 00 00 00 64 79 7E 7E 08 01 10 00 00 00 
00 00 00 E6 7E 7E 19 00 C0 E8 5E F8 C0 37 71 56 
B0 82 15 00 00 00 00 00 00 00 00 00 00 00 00 64 
