01       08       40       00       02       00 00
00000001 00001000 01000000 00000000 00000010


00000000 00000010 00000000 01000000 00001000 00000001


01       10       C0       00       08       00       00       00       00
00000001 00010|000 11|000000 00000000 0000100|0 0000|0000 0|0000000 00000000 00000000


    | Channel 3        |  Channel 2                  | Channel 1          | Channel 0              |  
----|------------------|-----------------------------|--------------------|------------------------|
    |   0    0    4    |  0    0    3                |  0    0    2       |  0      0    1         |
0000|   000 0000 0100  |  000 0000 0011              |  000 0000 0010     |  000      0000 0001    |
     [5][3:0],[4][7:1] |  [4][0:0],[3][7:0],[2][7:6] |  [2][5:0],[1][7:3] | [1][2:0],[0][7:0]      |